
1.

  i  | values[i] | values[-1*(i+1)] | count 
--------------------------------------------
  -  |     -     |         -        |   0
  0  |     3     |         2        |   0
  1  |     5     |         5        |   1
  2  |     4     |         4        |   2
  3  |     7     |         6        |   2

This function returns 2. 


2.

  x  | range(x, 5)  |  y  | value printed
------------------------------------------
  1  | [1, 2, 3, 4] |  1  | 1
     |              |  2  | 2
     |              |  3  | 3
     |              |  4  | 4
  3  | [3, 4]       |  3  | 9
     |              |  4  | 12
  5  | []           |     | 
     |              |  5  | 4


3.

  a  |  b  | value printed
---------------------------
  2  |  3  | 2 3
  5  |  4  | 1
  9  |  5  | 4
  14 |  6  | 8
  20 |  7  | 13






